city          |P31.Q208511   |P31.Q2264924  |P31.Q1093829  |P31.Q515      |P31.Q1549591  |P31.Q51929311 |P31.Q1637706  |P131          |P571          |P1082         |P421          |P2046         |P1376         |P31.Q5119     |P31.Q3301053  |P31.Q3559093  |P31.Q13218391 |P31.Q62049    |P31.Q1266818  |
Q60           |1             |1             |1             |1             |1             |1             |1             |Q1384         |1624          |9454995.0     |Q941023       |1214.0        |Q30           |0             |0             |0             |0             |0             |0             |
Q61           |0             |0             |1             |0             |1             |0             |0             |Q3551781      |1790          |802178.0      |Q941023       |177.0         |Q30           |1             |0             |0             |0             |0             |0             |
Q62           |0             |0             |1             |1             |1             |0             |0             |Q99           |1776          |884363.0      |Q847142       |600.592202    |Q13188841     |0             |1             |1             |1             |0             |0             |
Q65           |0             |0             |1             |0             |1             |0             |1             |Q99           |1781          |3990456.0     |Q847142       |1302.15171    |Q104994       |0             |0             |0             |1             |1             |0             |
Q975          |0             |0             |1             |0             |1             |0             |1             |Q1439         |1718          |1492510.0     |Q2086913      |1208.777336   |Q16861        |0             |0             |0             |0             |0             |0             |
Q1297         |0             |0             |1             |0             |1             |0             |1             |Q1204         |1833          |2722389.0     |Q2086913      |606.424       |Q108418       |0             |0             |0             |0             |0             |0             |
Q5083         |0             |0             |1             |0             |1             |0             |0             |Q1223         |1851          |744955.0      |Q847142       |369.243614    |Q108861       |0             |0             |0             |0             |1             |0             |
Q5092         |0             |0             |1             |0             |1             |0             |0             |Q1391         |1729          |622417.0      |Q941023       |238.411179    |0             |0             |0             |0             |0             |0             |1             |
Q5917         |0             |0             |1             |0             |1             |0             |0             |Q99           |1909          |189992.0      |0             |83.201621     |0             |0             |0             |0             |1             |0             |0             |
